image: maps/homeskies_arena.pgm
resolution: 0.050000
origin: [-2.119012, -3.196796, 0.000000]
negate: 0
occupied_thresh: 0.65
free_thresh: 0.196

